0    -0.145629    0.000000    -0.145629
1    -0.139515    0.000000    -0.139515
2    -0.134901    0.000000    -0.134901
3    -0.132456    0.000000    -0.132456
4    -0.132541    0.000000    -0.132541
5    -0.135224    0.000000    -0.135224
6    -0.140321    0.000000    -0.140321
7    -0.147479    0.000000    -0.147479
8    -0.156394    0.000000    -0.156394
9    -0.167172    0.000000    -0.167172
10    -0.180603    0.000000    -0.180603
11    -0.198205    0.000000    -0.198205
12    -0.222189    0.000000    -0.222189
13    -0.256883    0.000000    -0.256883
14    -0.306381    0.000000    -0.306381
15    -0.380915    0.000000    -0.380915
16    -0.502354    0.000000    -0.502354
17    -0.722972    0.000000    -0.722972
18    -1.167449    0.000000    -1.167449
19    -1.560282    0.000000    -1.560282
20    -1.579274    0.000000    -1.579274
21    -1.564988    0.000000    -1.564988
22    -1.460155    0.000000    -1.460155
23    -1.291342    0.000000    -1.291342
24    -1.109423    0.000000    -1.109423
25    -0.939164    0.000000    -0.939164
26    -0.791547    0.000000    -0.791547
27    -0.669776    0.000000    -0.669776
28    -0.572069    0.000000    -0.572069
29    -0.494893    0.000000    -0.494893
30    -0.434441    0.000000    -0.434441
31    -0.386225    0.000000    -0.386225
32    -0.345054    0.000000    -0.345054
33    -0.310745    0.000000    -0.310745
34    -0.287170    0.000000    -0.287170
35    -0.274519    0.000000    -0.274519
36    -0.285941    0.000000    -0.285941
37    -0.330500    0.000000    -0.330500
38    -0.397245    0.000000    -0.397245
39    -0.526937    0.000000    -0.526937
40    -0.821577    0.000000    -0.821577
41    -1.543419    0.000000    -1.543419
42    0.086874    0.000000    0.086874
43    -1.696437    0.000000    -1.696437
44    -1.023921    0.000000    -1.023921
45    -0.955055    0.000000    -0.955055
46    -1.262812    0.000000    -1.262812
47    -1.967386    0.000000    -1.967386
48    -2.463558    0.000000    -2.463558
49    -3.096202    0.000000    -3.096202
50    -3.395764    0.000000    -3.395764
51    -3.225504    0.000000    -3.225504
52    -3.268795    0.000000    -3.268795
53    -2.655721    0.000000    -2.655721
54    -2.214932    0.000000    -2.214932
55    -1.661886    0.000000    -1.661886
56    -1.424926    0.000000    -1.424926
57    -1.463268    0.000000    -1.463268
58    -1.929258    0.000000    -1.929258
59    -2.827686    0.000000    -2.827686
60    -3.212663    0.000000    -3.212663
61    -2.983634    0.000000    -2.983634
62    -1.934503    0.000000    -1.934503
63    -1.050683    0.000000    -1.050683
64    -0.599913    0.000000    -0.599913
65    -0.386437    0.000000    -0.386437
66    -0.281735    0.000000    -0.281735
67    -0.224486    0.000000    -0.224486
68    -0.188103    0.000000    -0.188103
69    -0.161437    0.000000    -0.161437
70    -0.140338    0.000000    -0.140338
71    -0.122783    0.000000    -0.122783
72    -0.107490    0.000000    -0.107490
73    -0.094200    0.000000    -0.094200
74    -0.082749    0.000000    -0.082749
75    -0.073056    0.000000    -0.073056
76    -0.065630    0.000000    -0.065630
77    -0.059827    0.000000    -0.059827
78    -0.055522    0.000000    -0.055522
79    -0.052767    0.000000    -0.052767
80    -0.051809    0.000000    -0.051809
81    -0.053269    0.000000    -0.053269
82    -0.058594    0.000000    -0.058594
83    -0.070197    0.000000    -0.070197
84    -0.093677    0.000000    -0.093677
85    -0.141809    0.000000    -0.141809
86    -0.242000    0.000000    -0.242000
87    -0.455333    0.000000    -0.455333
88    -0.907655    0.000000    -0.907655
89    -1.529982    0.000000    -1.529982
90    -1.114428    0.000000    -1.114428
91    -1.388554    0.000000    -1.388554
92    -0.748336    0.000000    -0.748336
93    -0.379928    0.000000    -0.379928
94    -0.204179    0.000000    -0.204179
95    -0.120535    0.000000    -0.120535
96    -0.080001    0.000000    -0.080001
97    -0.060109    0.000000    -0.060109
98    -0.050834    0.000000    -0.050834
99    -0.047694    0.000000    -0.047694
100    -0.047722    0.000000    -0.047722
101    -0.049862    0.000000    -0.049862
102    -0.053517    0.000000    -0.053517
103    -0.058619    0.000000    -0.058619
104    -0.064683    0.000000    -0.064683
105    -0.069851    0.000000    -0.069851
106    -0.073390    0.000000    -0.073390
107    -0.075160    0.000000    -0.075160
108    -0.075619    0.000000    -0.075619
109    -0.075427    0.000000    -0.075427
110    -0.075097    0.000000    -0.075097
111    -0.074929    0.000000    -0.074929
112    -0.075126    0.000000    -0.075126
113    -0.075934    0.000000    -0.075934
114    -0.077795    0.000000    -0.077795
115    -0.082059    0.000000    -0.082059
116    -0.088288    0.000000    -0.088288
117    -0.097081    0.000000    -0.097081
118    -0.109161    0.000000    -0.109161
119    -0.125533    0.000000    -0.125533
120    -0.147458    0.000000    -0.147458
121    -0.176736    0.000000    -0.176736
122    -0.216254    0.000000    -0.216254
123    -0.270957    0.000000    -0.270957
124    -0.350106    0.000000    -0.350106
125    -0.472816    0.000000    -0.472816
126    -0.682664    0.000000    -0.682664
127    -1.077957    0.000000    -1.077957
128    -1.539460    0.000000    -1.539460
129    -1.138722    0.000000    -1.138722
130    -1.349065    0.000000    -1.349065
131    -0.837060    0.000000    -0.837060
132    -0.556670    0.000000    -0.556670
133    -0.400185    0.000000    -0.400185
134    -0.302487    0.000000    -0.302487
135    -0.236042    0.000000    -0.236042
136    -0.188922    0.000000    -0.188922
137    -0.154157    0.000000    -0.154157
138    -0.128036    0.000000    -0.128036
139    -0.108849    0.000000    -0.108849
140    -0.095848    0.000000    -0.095848
141    -0.089447    0.000000    -0.089447
142    -0.090368    0.000000    -0.090368
143    -0.101519    0.000000    -0.101519
144    -0.128775    0.000000    -0.128775
145    -0.177284    0.000000    -0.177284
146    -0.289653    0.000000    -0.289653
147    -0.527828    0.000000    -0.527828
148    -1.024511    0.000000    -1.024511
149    -1.786502    0.000000    -1.786502
150    -0.510993    0.000000    -0.510993
151    -1.919758    0.000000    -1.919758
152    -1.442260    0.000000    -1.442260
153    -1.595684    0.000000    -1.595684
154    -1.774553    0.000000    -1.774553
155    -1.615923    0.000000    -1.615923
156    -1.263371    0.000000    -1.263371
157    -0.711474    0.000000    -0.711474
158    -0.425111    0.000000    -0.425111
159    -0.271193    0.000000    -0.271193
160    -0.183217    0.000000    -0.183217
161    -0.129253    0.000000    -0.129253
162    -0.094502    0.000000    -0.094502
163    -0.071098    0.000000    -0.071098
164    -0.054706    0.000000    -0.054706
165    -0.042871    0.000000    -0.042871
166    -0.034155    0.000000    -0.034155
167    -0.027666    0.000000    -0.027666
168    -0.024173    0.000000    -0.024173
169    -0.021673    0.000000    -0.021673
170    -0.019427    0.000000    -0.019427
171    -0.017432    0.000000    -0.017432
172    -0.015821    0.000000    -0.015821
173    -0.015237    0.000000    -0.015237
174    -0.015728    0.000000    -0.015728
175    -0.017360    0.000000    -0.017360
176    -0.020613    0.000000    -0.020613
177    -0.026291    0.000000    -0.026291
178    -0.035455    0.000000    -0.035455
179    -0.048965    0.000000    -0.048965
180    -0.066448    0.000000    -0.066448
181    -0.084721    0.000000    -0.084721
182    -0.097745    0.000000    -0.097745
183    -0.100058    0.000000    -0.100058
184    -0.091579    0.000000    -0.091579
185    -0.077807    0.000000    -0.077807
186    -0.065146    0.000000    -0.065146
187    -0.057187    0.000000    -0.057187
188    -0.055114    0.000000    -0.055114
189    -0.058858    0.000000    -0.058858
190    -0.069402    0.000000    -0.069402
191    -0.090607    0.000000    -0.090607
192    -0.133204    0.000000    -0.133204
193    -0.228976    0.000000    -0.228976
194    -0.484352    0.000000    -0.484352
195    -1.238879    0.000000    -1.238879
196    -1.176040    0.000000    -1.176040
197    -2.070256    0.000000    -2.070256
198    -1.470441    0.000000    -1.470441
199    -1.522203    0.000000    -1.522203
200    -1.589372    0.000000    -1.589372
201    -1.478050    0.000000    -1.478050
202    -1.236290    0.000000    -1.236290
203    -0.722959    0.000000    -0.722959
204    -0.559038    0.000000    -0.559038
205    -0.687145    0.000000    -0.687145
206    -1.347948    0.000000    -1.347948
207    0.756616    0.000000    0.756616
208    -1.396170    0.000000    -1.396170
209    -0.628525    0.000000    -0.628525
210    -0.373352    0.000000    -0.373352
211    -0.423670    0.000000    -0.423670
212    -0.533994    0.000000    -0.533994
213    -0.720288    0.000000    -0.720288
214    -1.067236    0.000000    -1.067236
215    -1.814030    0.000000    -1.814030
216    -2.966527    0.000000    -2.966527
217    -1.799923    0.000000    -1.799923
218    -2.621489    0.000000    -2.621489
219    -1.559984    0.000000    -1.559984
220    -1.090157    0.000000    -1.090157
221    -0.909339    0.000000    -0.909339
222    -0.882756    0.000000    -0.882756
223    -0.990909    0.000000    -0.990909
224    -1.299094    0.000000    -1.299094
225    -1.707435    0.000000    -1.707435
226    -1.896928    0.000000    -1.896928
227    -2.081367    0.000000    -2.081367
228    -2.180613    0.000000    -2.180613
229    -2.172346    0.000000    -2.172346
230    -1.969817    0.000000    -1.969817
231    -1.634220    0.000000    -1.634220
232    -1.278940    0.000000    -1.278940
233    -0.974369    0.000000    -0.974369
234    -0.743607    0.000000    -0.743607
235    -0.582715    0.000000    -0.582715
236    -0.477141    0.000000    -0.477141
237    -0.412606    0.000000    -0.412606
238    -0.379442    0.000000    -0.379442
239    -0.373720    0.000000    -0.373720
240    -0.398465    0.000000    -0.398465
241    -0.466431    0.000000    -0.466431
242    -0.614423    0.000000    -0.614423
243    -0.944524    0.000000    -0.944524
244    -1.535410    0.000000    -1.535410
245    -0.668729    0.000000    -0.668729
246    -1.336737    0.000000    -1.336737
247    -0.775255    0.000000    -0.775255
248    -0.506525    0.000000    -0.506525
249    -0.370484    0.000000    -0.370484
250    -0.292813    0.000000    -0.292813
251    -0.244336    0.000000    -0.244336
252    -0.212437    0.000000    -0.212437
253    -0.190903    0.000000    -0.190903
254    -0.176342    0.000000    -0.176342
255    -0.167171    0.000000    -0.167171
256    -0.163692    0.000000    -0.163692
257    -0.163343    0.000000    -0.163343
258    -0.165243    0.000000    -0.165243
259    -0.168532    0.000000    -0.168532
260    -0.172498    0.000000    -0.172498
261    -0.179496    0.000000    -0.179496
262    -0.190259    0.000000    -0.190259
263    -0.204037    0.000000    -0.204037
264    -0.220960    0.000000    -0.220960
265    -0.242155    0.000000    -0.242155
266    -0.269802    0.000000    -0.269802
267    -0.308101    0.000000    -0.308101
268    -0.365367    0.000000    -0.365367
269    -0.459252    0.000000    -0.459252
270    -0.632175    0.000000    -0.632175
271    -0.993562    0.000000    -0.993562
272    -1.584209    0.000000    -1.584209
273    -0.856913    0.000000    -0.856913
274    -1.382270    0.000000    -1.382270
275    -0.893174    0.000000    -0.893174
276    -0.821311    0.000000    -0.821311
277    -1.233901    0.000000    -1.233901
278    -2.085820    0.000000    -2.085820
279    -0.858040    0.000000    -0.858040
280    -2.815276    0.000000    -2.815276
281    -2.121787    0.000000    -2.121787
282    -1.769154    0.000000    -1.769154
283    -1.474761    0.000000    -1.474761
284    -1.205133    0.000000    -1.205133
285    -1.096866    0.000000    -1.096866
286    -1.374285    0.000000    -1.374285
287    -1.931666    0.000000    -1.931666
288    -2.814558    0.000000    -2.814558
289    -2.033372    0.000000    -2.033372
290    -2.994066    0.000000    -2.994066
291    -2.285004    0.000000    -2.285004
292    -1.645250    0.000000    -1.645250
293    -1.255348    0.000000    -1.255348
294    -1.022570    0.000000    -1.022570
295    -0.879295    0.000000    -0.879295
296    -0.786821    0.000000    -0.786821
297    -0.724270    0.000000    -0.724270
298    -0.679110    0.000000    -0.679110
299    -0.644692    0.000000    -0.644692
300    -0.617741    0.000000    -0.617741
301    -0.594411    0.000000    -0.594411
302    -0.572777    0.000000    -0.572777
303    -0.551333    0.000000    -0.551333
304    -0.529010    0.000000    -0.529010
305    -0.505095    0.000000    -0.505095
306    -0.479262    0.000000    -0.479262
307    -0.451756    0.000000    -0.451756
308    -0.424839    0.000000    -0.424839
309    -0.400281    0.000000    -0.400281
310    -0.382587    0.000000    -0.382587
311    -0.379805    0.000000    -0.379805
312    -0.405174    0.000000    -0.405174
313    -0.481416    0.000000    -0.481416
314    -0.652360    0.000000    -0.652360
315    -1.013871    0.000000    -1.013871
316    -1.635535    0.000000    -1.635535
317    -1.083614    0.000000    -1.083614
318    -1.608201    0.000000    -1.608201
319    -1.020134    0.000000    -1.020134
320    -0.681373    0.000000    -0.681373
321    -0.479689    0.000000    -0.479689
322    -0.445413    0.000000    -0.445413
323    -0.818220    0.000000    -0.818220
324    -0.919037    0.000000    -0.919037
325    -1.557861    0.000000    -1.557861
326    -0.504408    0.000000    -0.504408
327    -0.247203    0.000000    -0.247203
328    -0.218297    0.000000    -0.218297
329    -0.287418    0.000000    -0.287418
330    -0.520422    0.000000    -0.520422
331    -1.262275    0.000000    -1.262275
332    1.082374    0.000000    1.082374
333    -1.314685    0.000000    -1.314685
334    -0.528892    0.000000    -0.528892
335    -0.270845    0.000000    -0.270845
336    -0.172523    0.000000    -0.172523
337    -0.127139    0.000000    -0.127139
338    -0.102745    0.000000    -0.102745
339    -0.088080    0.000000    -0.088080
340    -0.078507    0.000000    -0.078507
341    -0.071800    0.000000    -0.071800
342    -0.066737    0.000000    -0.066737
343    -0.062589    0.000000    -0.062589
344    -0.058930    0.000000    -0.058930
345    -0.056122    0.000000    -0.056122
346    -0.053964    0.000000    -0.053964
347    -0.052499    0.000000    -0.052499
348    -0.052221    0.000000    -0.052221
349    -0.053818    0.000000    -0.053818
350    -0.058172    0.000000    -0.058172
351    -0.066248    0.000000    -0.066248
352    -0.077556    0.000000    -0.077556
353    -0.089669    0.000000    -0.089669
354    -0.097787    0.000000    -0.097787
355    -0.103858    0.000000    -0.103858
356    -0.128875    0.000000    -0.128875
357    -0.143428    0.000000    -0.143428
358    -0.139255    0.000000    -0.139255
359    -0.121558    0.000000    -0.121558
360    -0.102366    0.000000    -0.102366
361    -0.088930    0.000000    -0.088930
362    -0.082284    0.000000    -0.082284
363    -0.081259    0.000000    -0.081259
364    -0.085152    0.000000    -0.085152
365    -0.094515    0.000000    -0.094515
366    -0.111404    0.000000    -0.111404
367    -0.131300    0.000000    -0.131300
368    -0.158063    0.000000    -0.158063
369    -0.194599    0.000000    -0.194599
370    -0.246193    0.000000    -0.246193
371    -0.315733    0.000000    -0.315733
372    -0.408720    0.000000    -0.408720
373    -0.531665    0.000000    -0.531665
374    -0.694623    0.000000    -0.694623
375    -0.914027    0.000000    -0.914027
376    -0.973063    0.000000    -0.973063
377    -0.732465    0.000000    -0.732465
378    -0.606782    0.000000    -0.606782
379    -0.580913    0.000000    -0.580913
380    -0.678204    0.000000    -0.678204
381    -0.994648    0.000000    -0.994648
382    -1.676461    0.000000    -1.676461
383    -1.060945    0.000000    -1.060945
384    -1.875798    0.000000    -1.875798
385    -1.377366    0.000000    -1.377366
386    -1.375457    0.000000    -1.375457
387    -1.603830    0.000000    -1.603830
388    -1.607841    0.000000    -1.607841
389    -1.577221    0.000000    -1.577221
390    -1.298459    0.000000    -1.298459
391    -0.941004    0.000000    -0.941004
392    -0.696606    0.000000    -0.696606
393    -0.540526    0.000000    -0.540526
394    -0.432416    0.000000    -0.432416
395    -0.350383    0.000000    -0.350383
396    -0.291416    0.000000    -0.291416
397    -0.246802    0.000000    -0.246802
398    -0.211865    0.000000    -0.211865
399    -0.184451    0.000000    -0.184451
400    -0.164263    0.000000    -0.164263
401    -0.152368    0.000000    -0.152368
402    -0.152208    0.000000    -0.152208
403    -0.173836    0.000000    -0.173836
404    -0.247695    0.000000    -0.247695
405    -0.477638    0.000000    -0.477638
406    -1.240803    0.000000    -1.240803
407    1.520262    0.000000    1.520262
408    -1.168277    0.000000    -1.168277
409    -0.445873    0.000000    -0.445873
410    -0.243630    0.000000    -0.243630
411    -0.245243    0.000000    -0.245243
412    -0.573528    0.000000    -0.573528
413    -1.649724    0.000000    -1.649724
414    -1.548257    0.000000    -1.548257
415    -0.744885    0.000000    -0.744885
416    -0.426808    0.000000    -0.426808
417    -0.446315    0.000000    -0.446315
418    -0.648348    0.000000    -0.648348
419    -1.186071    0.000000    -1.186071
420    -2.704617    0.000000    -2.704617
421    -1.627120    0.000000    -1.627120
422    -4.071538    0.000000    -4.071538
423    -3.387422    0.000000    -3.387422
424    -3.639033    0.000000    -3.639033
425    -3.171050    0.000000    -3.171050
426    -3.179157    0.000000    -3.179157
427    -2.337371    0.000000    -2.337371
428    -1.959223    0.000000    -1.959223
429    -2.019822    0.000000    -2.019822
430    -2.311969    0.000000    -2.311969
431    -1.884425    0.000000    -1.884425
432    -2.367479    0.000000    -2.367479
433    -2.200035    0.000000    -2.200035
434    -2.462831    0.000000    -2.462831
435    -3.140185    0.000000    -3.140185
436    -2.519045    0.000000    -2.519045
437    -3.130321    0.000000    -3.130321
438    -2.745381    0.000000    -2.745381
439    -2.119042    0.000000    -2.119042
440    -1.937964    0.000000    -1.937964
441    -2.077874    0.000000    -2.077874
442    -1.762643    0.000000    -1.762643
443    -2.037861    0.000000    -2.037861
444    -1.953025    0.000000    -1.953025
445    -2.243364    0.000000    -2.243364
446    -2.690084    0.000000    -2.690084
447    -2.379530    0.000000    -2.379530
448    -2.271528    0.000000    -2.271528
449    -2.863620    0.000000    -2.863620
450    -2.123820    0.000000    -2.123820
451    -1.645923    0.000000    -1.645923
452    -1.432451    0.000000    -1.432451
453    -1.416912    0.000000    -1.416912
454    -2.299548    0.000000    -2.299548
455    -0.081027    0.000000    -0.081027
456    -2.713263    0.000000    -2.713263
457    -1.545018    0.000000    -1.545018
458    -0.629016    0.000000    -0.629016
459    -0.330094    0.000000    -0.330094
460    -0.229214    0.000000    -0.229214
461    -0.180232    0.000000    -0.180232
462    -0.157087    0.000000    -0.157087
463    -0.152956    0.000000    -0.152956
464    -0.173653    0.000000    -0.173653
465    -0.235879    0.000000    -0.235879
466    -0.403536    0.000000    -0.403536
467    -0.934822    0.000000    -0.934822
468    -2.762525    0.000000    -2.762525
469    -3.786851    0.000000    -3.786851
470    -1.556461    0.000000    -1.556461
471    -1.877680    0.000000    -1.877680
472    -1.074304    0.000000    -1.074304
473    -0.696549    0.000000    -0.696549
474    -0.591843    0.000000    -0.591843
475    -0.751647    0.000000    -0.751647
476    -1.316253    0.000000    -1.316253
477    -1.199961    0.000000    -1.199961
478    -1.630822    0.000000    -1.630822
479    -0.933953    0.000000    -0.933953
480    -0.516051    0.000000    -0.516051
481    -0.356310    0.000000    -0.356310
482    -0.316822    0.000000    -0.316822
483    -0.346304    0.000000    -0.346304
484    -0.435789    0.000000    -0.435789
485    -0.606771    0.000000    -0.606771
486    -0.926831    0.000000    -0.926831
487    -1.577080    0.000000    -1.577080
488    -2.735474    0.000000    -2.735474
489    -2.236010    0.000000    -2.236010
490    -1.927509    0.000000    -1.927509
491    -1.956847    0.000000    -1.956847
492    -1.624561    0.000000    -1.624561
493    -1.072817    0.000000    -1.072817
494    -0.709483    0.000000    -0.709483
495    -0.489860    0.000000    -0.489860
496    -0.352830    0.000000    -0.352830
497    -0.263626    0.000000    -0.263626
498    -0.203597    0.000000    -0.203597
499    -0.162350    0.000000    -0.162350
500    -0.133891    0.000000    -0.133891
501    -0.116274    0.000000    -0.116274
502    -0.107724    0.000000    -0.107724
503    -0.108651    0.000000    -0.108651
504    -0.121399    0.000000    -0.121399
505    -0.149786    0.000000    -0.149786
506    -0.202265    0.000000    -0.202265
507    -0.308991    0.000000    -0.308991
508    -0.571977    0.000000    -0.571977
509    -1.244434    0.000000    -1.244434
510    -0.984610    0.000000    -0.984610
511    -1.634050    0.000000    -1.634050
512    -0.847581    0.000000    -0.847581
513    -0.474087    0.000000    -0.474087
514    -0.350244    0.000000    -0.350244
515    -0.352662    0.000000    -0.352662
516    -0.484791    0.000000    -0.484791
517    -0.867296    0.000000    -0.867296
518    -1.757481    0.000000    -1.757481
519    -0.870785    0.000000    -0.870785
520    -2.075090    0.000000    -2.075090
521    -2.015857    0.000000    -2.015857
522    -1.518938    0.000000    -1.518938
523    -1.640664    0.000000    -1.640664
524    -0.928874    0.000000    -0.928874
525    -0.501136    0.000000    -0.501136
526    -0.290636    0.000000    -0.290636
527    -0.186539    0.000000    -0.186539
528    -0.133230    0.000000    -0.133230
529    -0.108021    0.000000    -0.108021
530    -0.104294    0.000000    -0.104294
531    -0.111270    0.000000    -0.111270
532    -0.117686    0.000000    -0.117686
533    -0.111526    0.000000    -0.111526
534    -0.092887    0.000000    -0.092887
535    -0.098962    0.000000    -0.098962
536    -0.113236    0.000000    -0.113236
537    -0.131869    0.000000    -0.131869
538    -0.156114    0.000000    -0.156114
539    -0.188148    0.000000    -0.188148
540    -0.231497    0.000000    -0.231497
541    -0.256808    0.000000    -0.256808
542    -0.285027    0.000000    -0.285027
543    -0.319718    0.000000    -0.319718
544    -0.362622    0.000000    -0.362622
545    -0.415782    0.000000    -0.415782
546    -0.481537    0.000000    -0.481537
547    -0.562381    0.000000    -0.562381
548    -0.660321    0.000000    -0.660321
549    -0.776801    0.000000    -0.776801
550    -0.904784    0.000000    -0.904784
551    -1.029616    0.000000    -1.029616
552    -1.147452    0.000000    -1.147452
553    -1.758405    0.000000    -1.758405
554    -2.301215    0.000000    -2.301215
555    -2.925329    0.000000    -2.925329
556    -0.166800    0.000000    -0.166800
557    -2.884405    0.000000    -2.884405
558    -2.668072    0.000000    -2.668072
559    -3.847330    0.000000    -3.847330
560    -3.179565    0.000000    -3.179565
561    -4.026528    0.000000    -4.026528
562    -2.608030    0.000000    -2.608030
563    -2.039904    0.000000    -2.039904
564    -1.660652    0.000000    -1.660652
565    -1.515922    0.000000    -1.515922
566    -1.547259    0.000000    -1.547259
567    -1.700344    0.000000    -1.700344
568    -1.928125    0.000000    -1.928125
569    -2.147170    0.000000    -2.147170
570    -2.069164    0.000000    -2.069164
571    -2.948642    0.000000    -2.948642
572    -1.350559    0.000000    -1.350559
573    -2.642220    0.000000    -2.642220
574    -1.842514    0.000000    -1.842514
575    -1.758273    0.000000    -1.758273
576    -2.336525    0.000000    -2.336525
577    -1.772922    0.000000    -1.772922
578    -2.241973    0.000000    -2.241973
579    -1.572071    0.000000    -1.572071
580    -1.423849    0.000000    -1.423849
581    -1.601667    0.000000    -1.601667
582    -2.029497    0.000000    -2.029497
583    -2.596167    0.000000    -2.596167
584    -2.894977    0.000000    -2.894977
585    -3.898209    0.000000    -3.898209
586    -3.788269    0.000000    -3.788269
587    -3.500941    0.000000    -3.500941
588    -2.618245    0.000000    -2.618245
589    -1.995026    0.000000    -1.995026
590    -1.756662    0.000000    -1.756662
591    -1.850866    0.000000    -1.850866
592    -2.170859    0.000000    -2.170859
593    -1.452472    0.000000    -1.452472
594    -2.004826    0.000000    -2.004826
595    -1.626011    0.000000    -1.626011
596    -1.249406    0.000000    -1.249406
597    -1.019716    0.000000    -1.019716
598    -0.879084    0.000000    -0.879084
599    -0.790786    0.000000    -0.790786
600    -0.769708    0.000000    -0.769708
601    -0.822699    0.000000    -0.822699
602    -0.966010    0.000000    -0.966010
603    -1.234166    0.000000    -1.234166
604    -1.564071    0.000000    -1.564071
605    -1.219715    0.000000    -1.219715
606    -1.488052    0.000000    -1.488052
607    -1.442105    0.000000    -1.442105
608    -1.079521    0.000000    -1.079521
609    -0.847272    0.000000    -0.847272
610    -0.723249    0.000000    -0.723249
611    -0.673722    0.000000    -0.673722
612    -0.689269    0.000000    -0.689269
613    -0.785498    0.000000    -0.785498
614    -1.017142    0.000000    -1.017142
615    -1.445342    0.000000    -1.445342
616    -0.944265    0.000000    -0.944265
617    -1.515666    0.000000    -1.515666
618    -1.167204    0.000000    -1.167204
619    -0.814408    0.000000    -0.814408
620    -0.653787    0.000000    -0.653787
621    -0.595734    0.000000    -0.595734
622    -0.608007    0.000000    -0.608007
623    -0.699396    0.000000    -0.699396
624    -0.931268    0.000000    -0.931268
625    -1.415446    0.000000    -1.415446
626    -1.205598    0.000000    -1.205598
627    -1.520633    0.000000    -1.520633
628    -1.281158    0.000000    -1.281158
629    -1.038552    0.000000    -1.038552
630    -0.970552    0.000000    -0.970552
631    -1.040208    0.000000    -1.040208
632    -1.242354    0.000000    -1.242354
633    -1.501098    0.000000    -1.501098
634    -1.440068    0.000000    -1.440068
635    -1.500181    0.000000    -1.500181
636    -1.508504    0.000000    -1.508504
637    -1.291635    0.000000    -1.291635
638    -1.149928    0.000000    -1.149928
639    -1.159214    0.000000    -1.159214
640    -1.396374    0.000000    -1.396374
641    -2.078221    0.000000    -2.078221
642    -1.404930    0.000000    -1.404930
643    -2.820613    0.000000    -2.820613
644    -2.221402    0.000000    -2.221402
645    -1.382389    0.000000    -1.382389
646    -1.691173    0.000000    -1.691173
647    -1.453294    0.000000    -1.453294
648    -1.124716    0.000000    -1.124716
649    -1.871228    0.000000    -1.871228
650    -1.654997    0.000000    -1.654997
651    -1.689966    0.000000    -1.689966
652    -2.270942    0.000000    -2.270942
653    -3.119074    0.000000    -3.119074
654    -2.699925    0.000000    -2.699925
655    -2.707028    0.000000    -2.707028
656    -1.679466    0.000000    -1.679466
657    -1.042188    0.000000    -1.042188
658    -0.716780    0.000000    -0.716780
659    -0.555612    0.000000    -0.555612
660    -0.476087    0.000000    -0.476087
661    -0.444113    0.000000    -0.444113
662    -0.446514    0.000000    -0.446514
663    -0.478588    0.000000    -0.478588
664    -0.551877    0.000000    -0.551877
665    -0.701104    0.000000    -0.701104
666    -1.014509    0.000000    -1.014509
667    -1.547621    0.000000    -1.547621
668    -0.504188    0.000000    -0.504188
669    -1.562559    0.000000    -1.562559
670    -1.056538    0.000000    -1.056538
671    -0.698545    0.000000    -0.698545
672    -0.511570    0.000000    -0.511570
673    -0.406105    0.000000    -0.406105
674    -0.342603    0.000000    -0.342603
675    -0.303894    0.000000    -0.303894
676    -0.280819    0.000000    -0.280819
677    -0.268941    0.000000    -0.268941
678    -0.266057    0.000000    -0.266057
679    -0.271443    0.000000    -0.271443
680    -0.285691    0.000000    -0.285691
681    -0.310949    0.000000    -0.310949
682    -0.351638    0.000000    -0.351638
683    -0.416104    0.000000    -0.416104
684    -0.520460    0.000000    -0.520460
685    -0.697728    0.000000    -0.697728
686    -1.011947    0.000000    -1.011947
687    -1.522372    0.000000    -1.522372
688    -1.461249    0.000000    -1.461249
689    -1.576213    0.000000    -1.576213
690    -1.775977    0.000000    -1.775977
691    -1.358512    0.000000    -1.358512
692    -1.084704    0.000000    -1.084704
693    -0.909987    0.000000    -0.909987
694    -0.866894    0.000000    -0.866894
695    -1.061420    0.000000    -1.061420
696    -1.671367    0.000000    -1.671367
697    -3.257890    0.000000    -3.257890
698    -2.413468    0.000000    -2.413468
699    -2.583808    0.000000    -2.583808
700    -1.566506    0.000000    -1.566506
701    -1.015749    0.000000    -1.015749
702    -0.722222    0.000000    -0.722222
703    -0.556033    0.000000    -0.556033
704    -0.466051    0.000000    -0.466051
705    -0.427284    0.000000    -0.427284
706    -0.427166    0.000000    -0.427166
707    -0.464015    0.000000    -0.464015
708    -0.547429    0.000000    -0.547429
709    -0.707767    0.000000    -0.707767
710    -1.022375    0.000000    -1.022375
711    -1.615156    0.000000    -1.615156
712    -1.222654    0.000000    -1.222654
713    -2.129308    0.000000    -2.129308
714    -2.025853    0.000000    -2.025853
715    -2.118313    0.000000    -2.118313
716    -1.543297    0.000000    -1.543297
717    -1.718951    0.000000    -1.718951
718    -1.544166    0.000000    -1.544166
719    -0.963036    0.000000    -0.963036
720    -0.610337    0.000000    -0.610337
721    -0.406526    0.000000    -0.406526
722    -0.287516    0.000000    -0.287516
723    -0.223340    0.000000    -0.223340
724    -0.185756    0.000000    -0.185756
725    -0.161915    0.000000    -0.161915
726    -0.145466    0.000000    -0.145466
727    -0.133221    0.000000    -0.133221
728    -0.123628    0.000000    -0.123628
729    -0.115890    0.000000    -0.115890
730    -0.109483    0.000000    -0.109483
731    -0.103976    0.000000    -0.103976
732    -0.099007    0.000000    -0.099007
733    -0.095223    0.000000    -0.095223
734    -0.091738    0.000000    -0.091738
735    -0.089522    0.000000    -0.089522
736    -0.088288    0.000000    -0.088288
737    -0.087671    0.000000    -0.087671
738    -0.088039    0.000000    -0.088039
739    -0.089928    0.000000    -0.089928
740    -0.094115    0.000000    -0.094115
741    -0.101750    0.000000    -0.101750
742    -0.114588    0.000000    -0.114588
743    -0.135349    0.000000    -0.135349
744    -0.168305    0.000000    -0.168305
745    -0.223241    0.000000    -0.223241
746    -0.317181    0.000000    -0.317181
747    -0.464191    0.000000    -0.464191
748    -0.705277    0.000000    -0.705277
749    -1.127364    0.000000    -1.127364
750    -1.690340    0.000000    -1.690340
751    -1.428287    0.000000    -1.428287
752    -1.696460    0.000000    -1.696460
753    -1.255370    0.000000    -1.255370
754    -1.078892    0.000000    -1.078892
755    -1.162352    0.000000    -1.162352
756    -1.570727    0.000000    -1.570727
757    -1.604586    0.000000    -1.604586
758    -1.746611    0.000000    -1.746611
759    -1.516931    0.000000    -1.516931
760    -1.185743    0.000000    -1.185743
761    -1.163498    0.000000    -1.163498
762    -1.525931    0.000000    -1.525931
763    -2.674362    0.000000    -2.674362
764    -2.391888    0.000000    -2.391888
765    -2.896965    0.000000    -2.896965
766    -3.627692    0.000000    -3.627692
767    -4.322320    0.000000    -4.322320
768    -4.419476    0.000000    -4.419476
769    -3.850606    0.000000    -3.850606
770    -2.986220    0.000000    -2.986220
771    -1.668978    0.000000    -1.668978
772    -0.962229    0.000000    -0.962229
773    -0.598910    0.000000    -0.598910
774    -0.399116    0.000000    -0.399116
775    -0.282795    0.000000    -0.282795
776    -0.213366    0.000000    -0.213366
777    -0.172565    0.000000    -0.172565
778    -0.150246    0.000000    -0.150246
779    -0.140032    0.000000    -0.140032
780    -0.137280    0.000000    -0.137280
781    -0.138131    0.000000    -0.138131
782    -0.139968    0.000000    -0.139968
783    -0.139594    0.000000    -0.139594
784    -0.135835    0.000000    -0.135835
785    -0.128827    0.000000    -0.128827
786    -0.119909    0.000000    -0.119909
787    -0.110674    0.000000    -0.110674
788    -0.102429    0.000000    -0.102429
789    -0.096033    0.000000    -0.096033
790    -0.098352    0.000000    -0.098352
791    -0.104154    0.000000    -0.104154
792    -0.113709    0.000000    -0.113709
793    -0.128044    0.000000    -0.128044
794    -0.149976    0.000000    -0.149976
795    -0.186303    0.000000    -0.186303
796    -0.251331    0.000000    -0.251331
797    -0.379691    0.000000    -0.379691
798    -0.665173    0.000000    -0.665173
799    -1.338694    0.000000    -1.338694
800    -0.083687    0.000000    -0.083687
801    -1.430619    0.000000    -1.430619
802    -0.697686    0.000000    -0.697686
803    -0.370480    0.000000    -0.370480
804    -0.223641    0.000000    -0.223641
805    -0.152611    0.000000    -0.152611
806    -0.119448    0.000000    -0.119448
807    -0.108464    0.000000    -0.108464
808    -0.116022    0.000000    -0.116022
809    -0.146380    0.000000    -0.146380
810    -0.215797    0.000000    -0.215797
811    -0.370736    0.000000    -0.370736
812    -0.756911    0.000000    -0.756911
813    -1.535680    0.000000    -1.535680
814    -0.885551    0.000000    -0.885551
815    -1.019059    0.000000    -1.019059
816    -0.510958    0.000000    -0.510958
817    -0.367065    0.000000    -0.367065
818    -0.437643    0.000000    -0.437643
819    -0.841651    0.000000    -0.841651
820    -1.686732    0.000000    -1.686732
821    -1.338761    0.000000    -1.338761
822    -1.305517    0.000000    -1.305517
823    -0.890158    0.000000    -0.890158
824    -1.043092    0.000000    -1.043092
825    -1.680953    0.000000    -1.680953
826    -2.138035    0.000000    -2.138035
827    -2.766214    0.000000    -2.766214
828    -2.413012    0.000000    -2.413012
829    -1.592428    0.000000    -1.592428
830    -1.740694    0.000000    -1.740694
831    -0.955871    0.000000    -0.955871
832    -0.518745    0.000000    -0.518745
833    -0.311286    0.000000    -0.311286
834    -0.205127    0.000000    -0.205127
835    -0.145637    0.000000    -0.145637
836    -0.108855    0.000000    -0.108855
837    -0.085541    0.000000    -0.085541
838    -0.071486    0.000000    -0.071486
839    -0.063337    0.000000    -0.063337
840    -0.059241    0.000000    -0.059241
841    -0.057643    0.000000    -0.057643
842    -0.057421    0.000000    -0.057421
843    -0.057943    0.000000    -0.057943
844    -0.058992    0.000000    -0.058992
845    -0.060604    0.000000    -0.060604
846    -0.065667    0.000000    -0.065667
847    -0.075149    0.000000    -0.075149
848    -0.086218    0.000000    -0.086218
849    -0.098363    0.000000    -0.098363
850    -0.129037    0.000000    -0.129037
851    -0.188492    0.000000    -0.188492
852    -0.304371    0.000000    -0.304371
853    -0.553591    0.000000    -0.553591
854    -1.127594    0.000000    -1.127594
855    -1.099197    0.000000    -1.099197
856    -1.545480    0.000000    -1.545480
857    -0.889196    0.000000    -0.889196
858    -0.439252    0.000000    -0.439252
859    -0.241610    0.000000    -0.241610
860    -0.146980    0.000000    -0.146980
861    -0.098054    0.000000    -0.098054
862    -0.071058    0.000000    -0.071058
863    -0.055180    0.000000    -0.055180
864    -0.045161    0.000000    -0.045161
865    -0.039359    0.000000    -0.039359
866    -0.036429    0.000000    -0.036429
867    -0.034917    0.000000    -0.034917
868    -0.035205    0.000000    -0.035205
869    -0.037860    0.000000    -0.037860
870    -0.041815    0.000000    -0.041815
871    -0.049469    0.000000    -0.049469
872    -0.061648    0.000000    -0.061648
873    -0.080357    0.000000    -0.080357
874    -0.107144    0.000000    -0.107144
875    -0.141995    0.000000    -0.141995
876    -0.181056    0.000000    -0.181056
877    -0.216225    0.000000    -0.216225
878    -0.239235    0.000000    -0.239235
879    -0.247771    0.000000    -0.247771
880    -0.247901    0.000000    -0.247901
881    -0.250256    0.000000    -0.250256
882    -0.264038    0.000000    -0.264038
883    -0.292332    0.000000    -0.292332
884    -0.334965    0.000000    -0.334965
885    -0.390549    0.000000    -0.390549
886    -0.460455    0.000000    -0.460455
887    -0.587559    0.000000    -0.587559
888    -0.829115    0.000000    -0.829115
889    -1.250349    0.000000    -1.250349
890    -2.012262    0.000000    -2.012262
891    -2.496812    0.000000    -2.496812
892    -2.801829    0.000000    -2.801829
893    -1.963360    0.000000    -1.963360
894    -2.266055    0.000000    -2.266055
895    -1.560217    0.000000    -1.560217
896    -1.301210    0.000000    -1.301210
897    -1.355825    0.000000    -1.355825
898    -1.320742    0.000000    -1.320742
899    -0.983972    0.000000    -0.983972
900    -0.588856    0.000000    -0.588856
901    -0.367776    0.000000    -0.367776
902    -0.309407    0.000000    -0.309407
903    -0.333506    0.000000    -0.333506
904    -0.341579    0.000000    -0.341579
905    -0.320901    0.000000    -0.320901
906    -0.291227    0.000000    -0.291227
907    -0.282818    0.000000    -0.282818
908    -0.313144    0.000000    -0.313144
909    -0.387904    0.000000    -0.387904
910    -0.500834    0.000000    -0.500834
911    -0.626554    0.000000    -0.626554
912    -0.723545    0.000000    -0.723545
913    -0.754295    0.000000    -0.754295
914    -0.706852    0.000000    -0.706852
915    -0.602025    0.000000    -0.602025
916    -0.482535    0.000000    -0.482535
917    -0.389768    0.000000    -0.389768
918    -0.347301    0.000000    -0.347301
919    -0.365194    0.000000    -0.365194
920    -0.458742    0.000000    -0.458742
921    -0.678295    0.000000    -0.678295
922    -1.163635    0.000000    -1.163635
923    -1.399839    0.000000    -1.399839
924    -1.536595    0.000000    -1.536595
925    -1.183428    0.000000    -1.183428
926    -0.806371    0.000000    -0.806371
927    -0.724754    0.000000    -0.724754
928    -0.850535    0.000000    -0.850535
929    -1.217072    0.000000    -1.217072
930    -1.697055    0.000000    -1.697055
931    -1.479753    0.000000    -1.479753
932    -1.553833    0.000000    -1.553833
933    -1.040707    0.000000    -1.040707
934    -0.757364    0.000000    -0.757364
935    -0.649623    0.000000    -0.649623
936    -0.673744    0.000000    -0.673744
937    -0.848232    0.000000    -0.848232
938    -1.281867    0.000000    -1.281867
939    -1.584156    0.000000    -1.584156
940    -1.534765    0.000000    -1.534765
941    -1.260556    0.000000    -1.260556
942    -0.776819    0.000000    -0.776819
943    -0.532298    0.000000    -0.532298
944    -0.400449    0.000000    -0.400449
945    -0.330817    0.000000    -0.330817
946    -0.307133    0.000000    -0.307133
947    -0.338449    0.000000    -0.338449
948    -0.448748    0.000000    -0.448748
949    -0.724388    0.000000    -0.724388
950    -1.353709    0.000000    -1.353709
951    -0.306335    0.000000    -0.306335
952    -1.610624    0.000000    -1.610624
953    -0.900276    0.000000    -0.900276
954    -0.557144    0.000000    -0.557144
955    -0.407999    0.000000    -0.407999
956    -0.340264    0.000000    -0.340264
957    -0.317636    0.000000    -0.317636
958    -0.331122    0.000000    -0.331122
959    -0.387701    0.000000    -0.387701
960    -0.516094    0.000000    -0.516094
961    -0.799519    0.000000    -0.799519
962    -1.433486    0.000000    -1.433486
963    -0.378267    0.000000    -0.378267
964    -1.560798    0.000000    -1.560798
965    -0.879746    0.000000    -0.879746
966    -0.581005    0.000000    -0.581005
967    -0.480928    0.000000    -0.480928
968    -0.498260    0.000000    -0.498260
969    -0.655318    0.000000    -0.655318
970    -1.123529    0.000000    -1.123529
971    -1.851261    0.000000    -1.851261
972    -0.679576    0.000000    -0.679576
973    -1.314819    0.000000    -1.314819
974    -0.646636    0.000000    -0.646636
975    -0.486715    0.000000    -0.486715
976    -0.544370    0.000000    -0.544370
977    -0.820361    0.000000    -0.820361
978    -1.665285    0.000000    -1.665285
979    -0.371078    0.000000    -0.371078
980    -1.089775    0.000000    -1.089775
981    -0.478171    0.000000    -0.478171
982    -0.257448    0.000000    -0.257448
983    -0.166529    0.000000    -0.166529
984    -0.131249    0.000000    -0.131249
985    -0.137629    0.000000    -0.137629
986    -0.203672    0.000000    -0.203672
987    -0.376729    0.000000    -0.376729
988    -0.676178    0.000000    -0.676178
989    -0.939727    0.000000    -0.939727
990    -0.932650    0.000000    -0.932650
991    -0.686120    0.000000    -0.686120
992    -0.415043    0.000000    -0.415043
993    -0.238146    0.000000    -0.238146
994    -0.149451    0.000000    -0.149451
995    -0.118005    0.000000    -0.118005
996    -0.132527    0.000000    -0.132527
997    -0.221444    0.000000    -0.221444
998    -0.506471    0.000000    -0.506471
999    -1.367329    0.000000    -1.367329
